  -1.2244690e+00   9.5531149e+00
   1.7392800e+00   9.5575537e+00
   9.7388505e+00   3.3992596e-01
   1.1542904e+01   1.2436152e+00
  -1.3983312e-01   1.0429781e+01
   1.2888554e+00   9.6180936e+00
   1.1312526e+01  -1.1683738e-01
   1.0727459e+01   1.4115623e+00
   1.1522989e+00   8.4786475e+00
   1.1681339e+00   9.7315223e+00
   1.0449722e+01   9.1429370e-01
   1.1804623e+01   8.9945748e-01
   4.6574079e-01   8.9469572e+00
   1.1993678e+00   9.5701387e+00
   1.0118747e+01   5.6438561e-01
   1.0678239e+01   3.2730563e-01
   6.6929465e-01   1.0293430e+01
   2.0778912e+00   9.9599543e+00
   8.9748323e+00   1.9639244e+00
   9.3853695e+00   1.2652451e+00
