  -7.1917509e-03   1.0374923e-01
   1.6426495e+00   1.6887692e+00
   9.7924237e+00   8.5650720e+00
   1.1688725e+01   1.0636061e+01
  -1.1900946e+00   2.1497604e+00
   4.2296390e-01   2.6998736e+00
   8.3564819e+00   9.8483898e+00
   1.0842713e+01   9.7390411e+00
   8.5585146e-01   1.9460028e+00
   6.4953138e-01   4.8619513e-01
   9.5876805e+00   1.1146423e+01
   1.1523718e+01   1.0433588e+01
   3.6575914e-01   9.2226867e-01
   1.4295492e+00   1.5253315e+00
   8.9452173e+00   9.8517796e+00
   1.2328004e+01   1.0758308e+01
   1.5150566e+00   2.4926868e+00
  -1.8000554e-01   1.1159101e+00
   9.5335753e+00   8.9737486e+00
   1.0623948e+01   8.2653112e+00
