  -2.2446902e-01   9.5531149e+00
   2.7392800e+00   9.5575537e+00
   8.7388505e+00   3.3992596e-01
   1.0542904e+01   1.2436152e+00
   8.6016688e-01   1.0429781e+01
   2.2888554e+00   9.6180936e+00
   1.0312526e+01  -1.1683738e-01
   9.7274592e+00   1.4115623e+00
   2.1522989e+00   8.4786475e+00
   2.1681339e+00   9.7315223e+00
   9.4497224e+00   9.1429370e-01
   1.0804623e+01   8.9945748e-01
   1.4657408e+00   8.9469572e+00
   2.1993678e+00   9.5701387e+00
   9.1187472e+00   5.6438561e-01
   9.6782394e+00   3.2730563e-01
   1.6692947e+00   1.0293430e+01
   3.0778912e+00   9.9599543e+00
   7.9748323e+00   1.9639244e+00
   8.3853695e+00   1.2652451e+00
